solid ASCII
  facet normal 4.682353e-02 -4.467231e-01 -8.934462e-01
    outer loop
      vertex   1.045285e-01 2.000000e+00 -9.945219e-01
      vertex   -1.359631e-32 2.775558e-16 -1.110223e-16
      vertex   0.000000e+00 2.000000e+00 -1.000000e+00
    endloop
  endfacet
  facet normal 2.315582e-01 -4.467231e-01 -8.641871e-01
    outer loop
      vertex   3.090170e-01 2.000000e+00 -9.510565e-01
      vertex   -1.359631e-32 2.775558e-16 -1.110223e-16
      vertex   2.079117e-01 2.000000e+00 -9.781476e-01
    endloop
  endfacet
  facet normal 4.061727e-01 -4.467231e-01 -7.971588e-01
    outer loop
      vertex   5.000000e-01 2.000000e+00 -8.660254e-01
      vertex   -1.359631e-32 2.775558e-16 -1.110223e-16
      vertex   4.067366e-01 2.000000e+00 -9.135455e-01
    endloop
  endfacet
  facet normal 5.630355e-01 -4.467231e-01 -6.952909e-01
    outer loop
      vertex   6.691306e-01 2.000000e+00 -7.431448e-01
      vertex   -1.359631e-32 2.775558e-16 -1.110223e-16
      vertex   5.877853e-01 2.000000e+00 -8.090170e-01
    endloop
  endfacet
  facet normal 6.952909e-01 -4.467231e-01 -5.630355e-01
    outer loop
      vertex   8.090170e-01 2.000000e+00 -5.877853e-01
      vertex   -1.359631e-32 2.775558e-16 -1.110223e-16
      vertex   7.431448e-01 2.000000e+00 -6.691306e-01
    endloop
  endfacet
  facet normal 7.971588e-01 -4.467231e-01 -4.061727e-01
    outer loop
      vertex   9.135455e-01 2.000000e+00 -4.067366e-01
      vertex   -1.359631e-32 2.775558e-16 -1.110223e-16
      vertex   8.660254e-01 2.000000e+00 -5.000000e-01
    endloop
  endfacet
  facet normal 8.641871e-01 -4.467231e-01 -2.315582e-01
    outer loop
      vertex   9.781476e-01 2.000000e+00 -2.079117e-01
      vertex   -1.359631e-32 2.775558e-16 -1.110223e-16
      vertex   9.510565e-01 2.000000e+00 -3.090170e-01
    endloop
  endfacet
  facet normal 8.934462e-01 -4.467231e-01 -4.682353e-02
    outer loop
      vertex   1.000000e+00 2.000000e+00 6.123234e-17
      vertex   -1.359631e-32 2.775558e-16 -1.110223e-16
      vertex   9.945219e-01 2.000000e+00 -1.045285e-01
    endloop
  endfacet
  facet normal 8.836574e-01 -4.467231e-01 1.399576e-01
    outer loop
      vertex   9.781476e-01 2.000000e+00 2.079117e-01
      vertex   -1.359631e-32 2.775558e-16 -1.110223e-16
      vertex   9.945219e-01 2.000000e+00 1.045285e-01
    endloop
  endfacet
  facet normal 8.352485e-01 -4.467231e-01 3.206219e-01
    outer loop
      vertex   9.135455e-01 2.000000e+00 4.067366e-01
      vertex   -1.359631e-32 2.775558e-16 -1.110223e-16
      vertex   9.510565e-01 2.000000e+00 3.090170e-01
    endloop
  endfacet
  facet normal 7.503353e-01 -4.467231e-01 4.872734e-01
    outer loop
      vertex   8.090170e-01 2.000000e+00 5.877853e-01
      vertex   -1.359631e-32 2.775558e-16 -1.110223e-16
      vertex   8.660254e-01 2.000000e+00 5.000000e-01
    endloop
  endfacet
  facet normal 6.326288e-01 -4.467231e-01 6.326288e-01
    outer loop
      vertex   6.691306e-01 2.000000e+00 7.431448e-01
      vertex   -1.359631e-32 2.775558e-16 -1.110223e-16
      vertex   7.431448e-01 2.000000e+00 6.691306e-01
    endloop
  endfacet
  facet normal 4.872734e-01 -4.467231e-01 7.503353e-01
    outer loop
      vertex   5.000000e-01 2.000000e+00 8.660254e-01
      vertex   -1.359631e-32 2.775558e-16 -1.110223e-16
      vertex   5.877853e-01 2.000000e+00 8.090170e-01
    endloop
  endfacet
  facet normal 3.206219e-01 -4.467231e-01 8.352485e-01
    outer loop
      vertex   3.090170e-01 2.000000e+00 9.510565e-01
      vertex   -1.359631e-32 2.775558e-16 -1.110223e-16
      vertex   4.067366e-01 2.000000e+00 9.135455e-01
    endloop
  endfacet
  facet normal 1.399576e-01 -4.467231e-01 8.836574e-01
    outer loop
      vertex   1.045285e-01 2.000000e+00 9.945219e-01
      vertex   -1.359631e-32 2.775558e-16 -1.110223e-16
      vertex   2.079117e-01 2.000000e+00 9.781476e-01
    endloop
  endfacet
  facet normal -4.682353e-02 -4.467231e-01 8.934462e-01
    outer loop
      vertex   -1.045285e-01 2.000000e+00 9.945219e-01
      vertex   -1.359631e-32 2.775558e-16 -1.110223e-16
      vertex   0.000000e+00 2.000000e+00 1.000000e+00
    endloop
  endfacet
  facet normal -2.315582e-01 -4.467231e-01 8.641871e-01
    outer loop
      vertex   -3.090170e-01 2.000000e+00 9.510565e-01
      vertex   -1.359631e-32 2.775558e-16 -1.110223e-16
      vertex   -2.079117e-01 2.000000e+00 9.781476e-01
    endloop
  endfacet
  facet normal -4.061727e-01 -4.467231e-01 7.971588e-01
    outer loop
      vertex   -5.000000e-01 2.000000e+00 8.660254e-01
      vertex   -1.359631e-32 2.775558e-16 -1.110223e-16
      vertex   -4.067366e-01 2.000000e+00 9.135455e-01
    endloop
  endfacet
  facet normal -5.630355e-01 -4.467231e-01 6.952909e-01
    outer loop
      vertex   -6.691306e-01 2.000000e+00 7.431448e-01
      vertex   -1.359631e-32 2.775558e-16 -1.110223e-16
      vertex   -5.877853e-01 2.000000e+00 8.090170e-01
    endloop
  endfacet
  facet normal -6.952909e-01 -4.467231e-01 5.630355e-01
    outer loop
      vertex   -8.090170e-01 2.000000e+00 5.877853e-01
      vertex   -1.359631e-32 2.775558e-16 -1.110223e-16
      vertex   -7.431448e-01 2.000000e+00 6.691306e-01
    endloop
  endfacet
  facet normal -7.971588e-01 -4.467231e-01 4.061727e-01
    outer loop
      vertex   -9.135455e-01 2.000000e+00 4.067366e-01
      vertex   -1.359631e-32 2.775558e-16 -1.110223e-16
      vertex   -8.660254e-01 2.000000e+00 5.000000e-01
    endloop
  endfacet
  facet normal -8.641871e-01 -4.467231e-01 2.315582e-01
    outer loop
      vertex   -9.781476e-01 2.000000e+00 2.079117e-01
      vertex   -1.359631e-32 2.775558e-16 -1.110223e-16
      vertex   -9.510565e-01 2.000000e+00 3.090170e-01
    endloop
  endfacet
  facet normal -8.934462e-01 -4.467231e-01 4.682353e-02
    outer loop
      vertex   -1.000000e+00 2.000000e+00 6.123234e-17
      vertex   -1.359631e-32 2.775558e-16 -1.110223e-16
      vertex   -9.945219e-01 2.000000e+00 1.045285e-01
    endloop
  endfacet
  facet normal -8.836574e-01 -4.467231e-01 -1.399576e-01
    outer loop
      vertex   -9.781476e-01 2.000000e+00 -2.079117e-01
      vertex   -1.359631e-32 2.775558e-16 -1.110223e-16
      vertex   -9.945219e-01 2.000000e+00 -1.045285e-01
    endloop
  endfacet
  facet normal -8.352485e-01 -4.467231e-01 -3.206219e-01
    outer loop
      vertex   -9.135455e-01 2.000000e+00 -4.067366e-01
      vertex   -1.359631e-32 2.775558e-16 -1.110223e-16
      vertex   -9.510565e-01 2.000000e+00 -3.090170e-01
    endloop
  endfacet
  facet normal -7.503353e-01 -4.467231e-01 -4.872734e-01
    outer loop
      vertex   -8.090170e-01 2.000000e+00 -5.877853e-01
      vertex   -1.359631e-32 2.775558e-16 -1.110223e-16
      vertex   -8.660254e-01 2.000000e+00 -5.000000e-01
    endloop
  endfacet
  facet normal -6.326288e-01 -4.467231e-01 -6.326288e-01
    outer loop
      vertex   -6.691306e-01 2.000000e+00 -7.431448e-01
      vertex   -1.359631e-32 2.775558e-16 -1.110223e-16
      vertex   -7.431448e-01 2.000000e+00 -6.691306e-01
    endloop
  endfacet
  facet normal -4.872734e-01 -4.467231e-01 -7.503353e-01
    outer loop
      vertex   -5.000000e-01 2.000000e+00 -8.660254e-01
      vertex   -1.359631e-32 2.775558e-16 -1.110223e-16
      vertex   -5.877853e-01 2.000000e+00 -8.090170e-01
    endloop
  endfacet
  facet normal -3.206219e-01 -4.467231e-01 -8.352485e-01
    outer loop
      vertex   -3.090170e-01 2.000000e+00 -9.510565e-01
      vertex   -1.359631e-32 2.775558e-16 -1.110223e-16
      vertex   -4.067366e-01 2.000000e+00 -9.135455e-01
    endloop
  endfacet
  facet normal -1.399576e-01 -4.467231e-01 -8.836574e-01
    outer loop
      vertex   -1.045285e-01 2.000000e+00 -9.945219e-01
      vertex   -1.359631e-32 2.775558e-16 -1.110223e-16
      vertex   -2.079117e-01 2.000000e+00 -9.781476e-01
    endloop
  endfacet
  facet normal -4.682353e-02 -4.467231e-01 -8.934462e-01
    outer loop
      vertex   0.000000e+00 2.000000e+00 -1.000000e+00
      vertex   -1.359631e-32 2.775558e-16 -1.110223e-16
      vertex   -1.045285e-01 2.000000e+00 -9.945219e-01
    endloop
  endfacet
  facet normal -7.503353e-01 -4.467231e-01 4.872734e-01
    outer loop
      vertex   -8.660254e-01 2.000000e+00 5.000000e-01
      vertex   -1.359631e-32 2.775558e-16 -1.110223e-16
      vertex   -8.090170e-01 2.000000e+00 5.877853e-01
    endloop
  endfacet
  facet normal 7.971588e-01 -4.467231e-01 4.061727e-01
    outer loop
      vertex   8.660254e-01 2.000000e+00 5.000000e-01
      vertex   -1.359631e-32 2.775558e-16 -1.110223e-16
      vertex   9.135455e-01 2.000000e+00 4.067366e-01
    endloop
  endfacet
  facet normal -2.315582e-01 -4.467231e-01 -8.641871e-01
    outer loop
      vertex   -2.079117e-01 2.000000e+00 -9.781476e-01
      vertex   -1.359631e-32 2.775558e-16 -1.110223e-16
      vertex   -3.090170e-01 2.000000e+00 -9.510565e-01
    endloop
  endfacet
  facet normal -4.061727e-01 -4.467231e-01 -7.971588e-01
    outer loop
      vertex   -4.067366e-01 2.000000e+00 -9.135455e-01
      vertex   -1.359631e-32 2.775558e-16 -1.110223e-16
      vertex   -5.000000e-01 2.000000e+00 -8.660254e-01
    endloop
  endfacet
  facet normal -5.630355e-01 -4.467231e-01 -6.952909e-01
    outer loop
      vertex   -5.877853e-01 2.000000e+00 -8.090170e-01
      vertex   -1.359631e-32 2.775558e-16 -1.110223e-16
      vertex   -6.691306e-01 2.000000e+00 -7.431448e-01
    endloop
  endfacet
  facet normal -6.952909e-01 -4.467231e-01 -5.630355e-01
    outer loop
      vertex   -7.431448e-01 2.000000e+00 -6.691306e-01
      vertex   -1.359631e-32 2.775558e-16 -1.110223e-16
      vertex   -8.090170e-01 2.000000e+00 -5.877853e-01
    endloop
  endfacet
  facet normal -7.971588e-01 -4.467231e-01 -4.061727e-01
    outer loop
      vertex   -8.660254e-01 2.000000e+00 -5.000000e-01
      vertex   -1.359631e-32 2.775558e-16 -1.110223e-16
      vertex   -9.135455e-01 2.000000e+00 -4.067366e-01
    endloop
  endfacet
  facet normal -8.641871e-01 -4.467231e-01 -2.315582e-01
    outer loop
      vertex   -9.510565e-01 2.000000e+00 -3.090170e-01
      vertex   -1.359631e-32 2.775558e-16 -1.110223e-16
      vertex   -9.781476e-01 2.000000e+00 -2.079117e-01
    endloop
  endfacet
  facet normal -8.934462e-01 -4.467231e-01 -4.682353e-02
    outer loop
      vertex   -9.945219e-01 2.000000e+00 -1.045285e-01
      vertex   -1.359631e-32 2.775558e-16 -1.110223e-16
      vertex   -1.000000e+00 2.000000e+00 6.123234e-17
    endloop
  endfacet
  facet normal -8.836574e-01 -4.467231e-01 1.399576e-01
    outer loop
      vertex   -9.945219e-01 2.000000e+00 1.045285e-01
      vertex   -1.359631e-32 2.775558e-16 -1.110223e-16
      vertex   -9.781476e-01 2.000000e+00 2.079117e-01
    endloop
  endfacet
  facet normal -8.352485e-01 -4.467231e-01 3.206219e-01
    outer loop
      vertex   -9.510565e-01 2.000000e+00 3.090170e-01
      vertex   -1.359631e-32 2.775558e-16 -1.110223e-16
      vertex   -9.135455e-01 2.000000e+00 4.067366e-01
    endloop
  endfacet
  facet normal -6.326288e-01 -4.467231e-01 6.326288e-01
    outer loop
      vertex   -7.431448e-01 2.000000e+00 6.691306e-01
      vertex   -1.359631e-32 2.775558e-16 -1.110223e-16
      vertex   -6.691306e-01 2.000000e+00 7.431448e-01
    endloop
  endfacet
  facet normal -4.872734e-01 -4.467231e-01 7.503353e-01
    outer loop
      vertex   -5.877853e-01 2.000000e+00 8.090170e-01
      vertex   -1.359631e-32 2.775558e-16 -1.110223e-16
      vertex   -5.000000e-01 2.000000e+00 8.660254e-01
    endloop
  endfacet
  facet normal -3.206219e-01 -4.467231e-01 8.352485e-01
    outer loop
      vertex   -4.067366e-01 2.000000e+00 9.135455e-01
      vertex   -1.359631e-32 2.775558e-16 -1.110223e-16
      vertex   -3.090170e-01 2.000000e+00 9.510565e-01
    endloop
  endfacet
  facet normal -1.399576e-01 -4.467231e-01 8.836574e-01
    outer loop
      vertex   -2.079117e-01 2.000000e+00 9.781476e-01
      vertex   -1.359631e-32 2.775558e-16 -1.110223e-16
      vertex   -1.045285e-01 2.000000e+00 9.945219e-01
    endloop
  endfacet
  facet normal 4.682353e-02 -4.467231e-01 8.934462e-01
    outer loop
      vertex   0.000000e+00 2.000000e+00 1.000000e+00
      vertex   -1.359631e-32 2.775558e-16 -1.110223e-16
      vertex   1.045285e-01 2.000000e+00 9.945219e-01
    endloop
  endfacet
  facet normal 2.315582e-01 -4.467231e-01 8.641871e-01
    outer loop
      vertex   2.079117e-01 2.000000e+00 9.781476e-01
      vertex   -1.359631e-32 2.775558e-16 -1.110223e-16
      vertex   3.090170e-01 2.000000e+00 9.510565e-01
    endloop
  endfacet
  facet normal 4.061727e-01 -4.467231e-01 7.971588e-01
    outer loop
      vertex   4.067366e-01 2.000000e+00 9.135455e-01
      vertex   -1.359631e-32 2.775558e-16 -1.110223e-16
      vertex   5.000000e-01 2.000000e+00 8.660254e-01
    endloop
  endfacet
  facet normal 5.630355e-01 -4.467231e-01 6.952909e-01
    outer loop
      vertex   5.877853e-01 2.000000e+00 8.090170e-01
      vertex   -1.359631e-32 2.775558e-16 -1.110223e-16
      vertex   6.691306e-01 2.000000e+00 7.431448e-01
    endloop
  endfacet
  facet normal 6.952909e-01 -4.467231e-01 5.630355e-01
    outer loop
      vertex   7.431448e-01 2.000000e+00 6.691306e-01
      vertex   -1.359631e-32 2.775558e-16 -1.110223e-16
      vertex   8.090170e-01 2.000000e+00 5.877853e-01
    endloop
  endfacet
  facet normal 8.641871e-01 -4.467231e-01 2.315582e-01
    outer loop
      vertex   9.510565e-01 2.000000e+00 3.090170e-01
      vertex   -1.359631e-32 2.775558e-16 -1.110223e-16
      vertex   9.781476e-01 2.000000e+00 2.079117e-01
    endloop
  endfacet
  facet normal 8.934462e-01 -4.467231e-01 4.682353e-02
    outer loop
      vertex   9.945219e-01 2.000000e+00 1.045285e-01
      vertex   -1.359631e-32 2.775558e-16 -1.110223e-16
      vertex   1.000000e+00 2.000000e+00 6.123234e-17
    endloop
  endfacet
  facet normal 8.836574e-01 -4.467231e-01 -1.399576e-01
    outer loop
      vertex   9.945219e-01 2.000000e+00 -1.045285e-01
      vertex   -1.359631e-32 2.775558e-16 -1.110223e-16
      vertex   9.781476e-01 2.000000e+00 -2.079117e-01
    endloop
  endfacet
  facet normal 8.352485e-01 -4.467231e-01 -3.206219e-01
    outer loop
      vertex   9.510565e-01 2.000000e+00 -3.090170e-01
      vertex   -1.359631e-32 2.775558e-16 -1.110223e-16
      vertex   9.135455e-01 2.000000e+00 -4.067366e-01
    endloop
  endfacet
  facet normal 7.503353e-01 -4.467231e-01 -4.872734e-01
    outer loop
      vertex   8.660254e-01 2.000000e+00 -5.000000e-01
      vertex   -1.359631e-32 2.775558e-16 -1.110223e-16
      vertex   8.090170e-01 2.000000e+00 -5.877853e-01
    endloop
  endfacet
  facet normal 6.326288e-01 -4.467231e-01 -6.326288e-01
    outer loop
      vertex   7.431448e-01 2.000000e+00 -6.691306e-01
      vertex   -1.359631e-32 2.775558e-16 -1.110223e-16
      vertex   6.691306e-01 2.000000e+00 -7.431448e-01
    endloop
  endfacet
  facet normal 4.872734e-01 -4.467231e-01 -7.503353e-01
    outer loop
      vertex   5.877853e-01 2.000000e+00 -8.090170e-01
      vertex   -1.359631e-32 2.775558e-16 -1.110223e-16
      vertex   5.000000e-01 2.000000e+00 -8.660254e-01
    endloop
  endfacet
  facet normal 3.206219e-01 -4.467231e-01 -8.352485e-01
    outer loop
      vertex   4.067366e-01 2.000000e+00 -9.135455e-01
      vertex   -1.359631e-32 2.775558e-16 -1.110223e-16
      vertex   3.090170e-01 2.000000e+00 -9.510565e-01
    endloop
  endfacet
  facet normal 1.399576e-01 -4.467231e-01 -8.836574e-01
    outer loop
      vertex   2.079117e-01 2.000000e+00 -9.781476e-01
      vertex   -1.359631e-32 2.775558e-16 -1.110223e-16
      vertex   1.045285e-01 2.000000e+00 -9.945219e-01
    endloop
  endfacet
  facet normal 5.060151e-03 -9.922750e-01 1.239548e-01
    outer loop
      vertex   1.344903e-01 6.000000e+00 1.644510e+00
      vertex   6.662722e-02 6.003407e+00 1.674557e+00
      vertex   0.000000e+00 6.000000e+00 1.650000e+00
    endloop
  endfacet
  facet normal 0.000000e+00 -9.905102e-01 1.374390e-01
    outer loop
      vertex   0.000000e+00 6.000000e+00 1.650000e+00
      vertex   6.662722e-02 6.003407e+00 1.674557e+00
      vertex   -6.662722e-02 6.003407e+00 1.674557e+00
    endloop
  endfacet
  facet normal -5.060151e-03 -9.922750e-01 1.239548e-01
    outer loop
      vertex   0.000000e+00 6.000000e+00 1.650000e+00
      vertex   -6.662722e-02 6.003407e+00 1.674557e+00
      vertex   -1.344903e-01 6.000000e+00 1.644510e+00
    endloop
  endfacet
  facet normal -1.091801e-02 -9.905129e-01 1.369852e-01
    outer loop
      vertex   -1.344903e-01 6.000000e+00 1.644510e+00
      vertex   -6.662722e-02 6.003407e+00 1.674557e+00
      vertex   -1.994604e-01 6.003407e+00 1.663970e+00
    endloop
  endfacet
  facet normal -1.515069e-02 -9.922710e-01 1.231617e-01
    outer loop
      vertex   -1.344903e-01 6.000000e+00 1.644510e+00
      vertex   -1.994604e-01 6.003407e+00 1.663970e+00
      vertex   -2.680856e-01 6.000000e+00 1.628076e+00
    endloop
  endfacet
  facet normal -2.175782e-02 -9.905210e-01 1.356275e-01
    outer loop
      vertex   -2.680856e-01 6.000000e+00 1.628076e+00
      vertex   -1.994604e-01 6.003407e+00 1.663970e+00
      vertex   -3.310326e-01 6.003407e+00 1.642863e+00
    endloop
  endfacet
  facet normal -2.515210e-02 -9.922629e-01 1.215798e-01
    outer loop
      vertex   -2.680856e-01 6.000000e+00 1.628076e+00
      vertex   -3.310326e-01 6.003407e+00 1.642863e+00
      vertex   -3.998969e-01 6.000000e+00 1.600807e+00
    endloop
  endfacet
  facet normal -3.244187e-02 -9.905343e-01 1.333764e-01
    outer loop
      vertex   -3.998969e-01 6.000000e+00 1.600807e+00
      vertex   -3.310326e-01 6.003407e+00 1.642863e+00
      vertex   -4.605119e-01 6.003407e+00 1.611369e+00
    endloop
  endfacet
  facet normal -3.500545e-02 -9.922509e-01 1.192176e-01
    outer loop
      vertex   -3.998969e-01 6.000000e+00 1.600807e+00
      vertex   -4.605119e-01 6.003407e+00 1.611369e+00
      vertex   -5.290469e-01 6.000000e+00 1.562885e+00
    endloop
  endfacet
  facet normal -4.289391e-02 -9.905530e-01 1.302492e-01
    outer loop
      vertex   -5.290469e-01 6.000000e+00 1.562885e+00
      vertex   -4.605119e-01 6.003407e+00 1.611369e+00
      vertex   -5.870796e-01 6.003407e+00 1.569687e+00
    endloop
  endfacet
  facet normal -4.465254e-02 -9.922347e-01 1.160878e-01
    outer loop
      vertex   -5.290469e-01 6.000000e+00 1.562885e+00
      vertex   -5.870796e-01 6.003407e+00 1.569687e+00
      vertex   -6.546761e-01 6.000000e+00 1.514562e+00
    endloop
  endfacet
  facet normal -5.303963e-02 -9.905769e-01 1.262700e-01
    outer loop
      vertex   -6.546761e-01 6.000000e+00 1.514562e+00
      vertex   -5.870796e-01 6.003407e+00 1.569687e+00
      vertex   -7.099357e-01 6.003407e+00 1.518082e+00
    endloop
  endfacet
  facet normal -5.403618e-02 -9.922145e-01 1.122073e-01
    outer loop
      vertex   -6.546761e-01 6.000000e+00 1.514562e+00
      vertex   -7.099357e-01 6.003407e+00 1.518082e+00
      vertex   -7.759486e-01 6.000000e+00 1.456161e+00
    endloop
  endfacet
  facet normal -6.280729e-02 -9.906061e-01 1.214695e-01
    outer loop
      vertex   -7.759486e-01 6.000000e+00 1.456161e+00
      vertex   -7.099357e-01 6.003407e+00 1.518082e+00
      vertex   -8.283033e-01 6.003407e+00 1.456878e+00
    endloop
  endfacet
  facet normal -6.310051e-02 -9.921901e-01 1.075969e-01
    outer loop
      vertex   -7.759486e-01 6.000000e+00 1.456161e+00
      vertex   -8.283033e-01 6.003407e+00 1.456878e+00
      vertex   -8.920573e-01 6.000000e+00 1.388068e+00
    endloop
  endfacet
  facet normal -7.212828e-02 -9.906403e-01 1.158846e-01
    outer loop
      vertex   -8.920573e-01 6.000000e+00 1.388068e+00
      vertex   -8.283033e-01 6.003407e+00 1.456878e+00
      vertex   -9.414341e-01 6.003407e+00 1.386464e+00
    endloop
  endfacet
  facet normal -7.179123e-02 -9.921615e-01 1.022816e-01
    outer loop
      vertex   -8.920573e-01 6.000000e+00 1.388068e+00
      vertex   -9.414341e-01 6.003407e+00 1.386464e+00
      vertex   -1.002230e+00 6.000000e+00 1.310739e+00
    endloop
  endfacet
  facet normal -8.093770e-02 -9.906796e-01 1.095581e-01
    outer loop
      vertex   -1.002230e+00 6.000000e+00 1.310739e+00
      vertex   -9.414341e-01 6.003407e+00 1.386464e+00
      vertex   -1.048613e+00 6.003407e+00 1.307284e+00
    endloop
  endfacet
  facet normal -8.005590e-02 -9.921287e-01 9.629005e-02
    outer loop
      vertex   -1.002230e+00 6.000000e+00 1.310739e+00
      vertex   -1.048613e+00 6.003407e+00 1.307284e+00
      vertex   -1.105732e+00 6.000000e+00 1.224686e+00
    endloop
  endfacet
  facet normal -8.917488e-02 -9.907239e-01 1.025382e-01
    outer loop
      vertex   -1.105732e+00 6.000000e+00 1.224686e+00
      vertex   -1.048613e+00 6.003407e+00 1.307284e+00
      vertex   -1.149162e+00 6.003407e+00 1.219839e+00
    endloop
  endfacet
  facet normal -8.784420e-02 -9.920914e-01 8.965475e-02
    outer loop
      vertex   -1.105732e+00 6.000000e+00 1.224686e+00
      vertex   -1.149162e+00 6.003407e+00 1.219839e+00
      vertex   -1.201876e+00 6.000000e+00 1.130484e+00
    endloop
  endfacet
  facet normal -9.678386e-02 -9.907729e-01 9.487834e-02
    outer loop
      vertex   -1.201876e+00 6.000000e+00 1.130484e+00
      vertex   -1.149162e+00 6.003407e+00 1.219839e+00
      vertex   -1.242446e+00 6.003407e+00 1.124682e+00
    endloop
  endfacet
  facet normal -9.510817e-02 -9.920498e-01 8.241170e-02
    outer loop
      vertex   -1.201876e+00 6.000000e+00 1.130484e+00
      vertex   -1.242446e+00 6.003407e+00 1.124682e+00
      vertex   -1.290022e+00 6.000000e+00 1.028758e+00
    endloop
  endfacet
  facet normal -1.037138e-01 -9.908267e-01 8.663650e-02
    outer loop
      vertex   -1.290022e+00 6.000000e+00 1.028758e+00
      vertex   -1.242446e+00 6.003407e+00 1.124682e+00
      vertex   -1.327874e+00 6.003407e+00 1.022414e+00
    endloop
  endfacet
  facet normal -1.018024e-01 -9.920036e-01 7.460029e-02
    outer loop
      vertex   -1.290022e+00 6.000000e+00 1.028758e+00
      vertex   -1.327874e+00 6.003407e+00 1.022414e+00
      vertex   -1.369583e+00 6.000000e+00 9.201863e-01
    endloop
  endfacet
  facet normal -1.099195e-01 -9.908851e-01 7.787476e-02
    outer loop
      vertex   -1.369583e+00 6.000000e+00 9.201863e-01
      vertex   -1.327874e+00 6.003407e+00 1.022414e+00
      vertex   -1.404908e+00 6.003407e+00 9.136821e-01
    endloop
  endfacet
  facet normal -1.078845e-01 -9.919527e-01 6.626315e-02
    outer loop
      vertex   -1.369583e+00 6.000000e+00 9.201863e-01
      vertex   -1.404908e+00 6.003407e+00 9.136821e-01
      vertex   -1.440029e+00 6.000000e+00 8.054907e-01
    endloop
  endfacet
  facet normal -1.153615e-01 -9.909479e-01 6.865874e-02
    outer loop
      vertex   -1.440029e+00 6.000000e+00 8.054907e-01
      vertex   -1.404908e+00 6.003407e+00 9.136821e-01
      vertex   -1.473059e+00 6.003407e+00 7.991736e-01
    endloop
  endfacet
  facet normal -1.133148e-01 -9.918970e-01 5.744591e-02
    outer loop
      vertex   -1.440029e+00 6.000000e+00 8.054907e-01
      vertex   -1.473059e+00 6.003407e+00 7.991736e-01
      vertex   -1.500893e+00 6.000000e+00 6.854348e-01
    endloop
  endfacet
  facet normal -1.200064e-01 -9.910150e-01 5.905705e-02
    outer loop
      vertex   -1.500893e+00 6.000000e+00 6.854348e-01
      vertex   -1.473059e+00 6.003407e+00 7.991736e-01
      vertex   -1.531897e+00 6.003407e+00 6.796125e-01
    endloop
  endfacet
  facet normal -1.180572e-01 -9.918364e-01 4.819700e-02
    outer loop
      vertex   -1.500893e+00 6.000000e+00 6.854348e-01
      vertex   -1.531897e+00 6.003407e+00 6.796125e-01
      vertex   -1.551768e+00 6.000000e+00 5.608173e-01
    endloop
  endfacet
  facet normal -1.238274e-01 -9.910863e-01 4.914068e-02
    outer loop
      vertex   -1.551768e+00 6.000000e+00 5.608173e-01
      vertex   -1.531897e+00 6.003407e+00 6.796125e-01
      vertex   -1.581049e+00 6.003407e+00 5.557547e-01
    endloop
  endfacet
  facet normal -1.220789e-01 -9.917708e-01 3.856741e-02
    outer loop
      vertex   -1.551768e+00 6.000000e+00 5.608173e-01
      vertex   -1.581049e+00 6.003407e+00 5.557547e-01
      vertex   -1.592316e+00 6.000000e+00 4.324678e-01
    endloop
  endfacet
  facet normal -1.268039e-01 -9.911615e-01 3.898239e-02
    outer loop
      vertex   -1.592316e+00 6.000000e+00 4.324678e-01
      vertex   -1.581049e+00 6.003407e+00 5.557547e-01
      vertex   -1.620206e+00 6.003407e+00 4.283833e-01
    endloop
  endfacet
  facet normal -1.253507e-01 -9.916999e-01 2.861049e-02
    outer loop
      vertex   -1.592316e+00 6.000000e+00 4.324678e-01
      vertex   -1.620206e+00 6.003407e+00 4.283833e-01
      vertex   -1.622268e+00 6.000000e+00 3.012402e-01
    endloop
  endfacet
  facet normal -1.289223e-01 -9.912406e-01 2.865611e-02
    outer loop
      vertex   -1.622268e+00 6.000000e+00 3.012402e-01
      vertex   -1.620206e+00 6.003407e+00 4.283833e-01
      vertex   -1.649120e+00 6.003407e+00 2.983035e-01
    endloop
  endfacet
  facet normal -1.278472e-01 -9.916235e-01 1.838165e-02
    outer loop
      vertex   -1.622268e+00 6.000000e+00 3.012402e-01
      vertex   -1.649120e+00 6.003407e+00 2.983035e-01
      vertex   -1.641424e+00 6.000000e+00 1.680079e-01
    endloop
  endfacet
  facet normal -1.301753e-01 -9.913233e-01 1.823630e-02
    outer loop
      vertex   -1.641424e+00 6.000000e+00 1.680079e-01
      vertex   -1.649120e+00 6.003407e+00 2.983035e-01
      vertex   -1.667607e+00 6.003407e+00 1.663376e-01
    endloop
  endfacet
  facet normal -1.295468e-01 -9.915415e-01 7.938157e-03
    outer loop
      vertex   -1.641424e+00 6.000000e+00 1.680079e-01
      vertex   -1.667607e+00 6.003407e+00 1.663376e-01
      vertex   -1.649657e+00 6.000000e+00 3.365759e-02
    endloop
  endfacet
  facet normal -1.304204e-01 -9.914280e-01 7.817048e-03
    outer loop
      vertex   -1.649657e+00 6.000000e+00 3.365759e-02
      vertex   -1.667607e+00 6.003407e+00 1.663376e-01
      vertex   -1.675536e+00 6.003407e+00 3.404132e-02
    endloop
  endfacet
  facet normal -1.305753e-01 -9.914351e-01 -2.568527e-03
    outer loop
      vertex   -1.649657e+00 6.000000e+00 3.365759e-02
      vertex   -1.675536e+00 6.003407e+00 3.404132e-02
      vertex   -1.672901e+00 6.003407e+00 -9.990791e-02
    endloop
  endfacet
  facet normal -3.827914e-01 -9.238041e-01 -7.529830e-03
    outer loop
      vertex   -1.672901e+00 6.003407e+00 -9.990791e-02
      vertex   -1.675536e+00 6.003407e+00 3.404132e-02
      vertex   -1.699652e+00 6.013397e+00 3.438492e-02
    endloop
  endfacet
  facet normal -3.828697e-01 -9.237715e-01 -7.547855e-03
    outer loop
      vertex   -1.672901e+00 6.003407e+00 -9.990791e-02
      vertex   -1.699652e+00 6.013397e+00 3.438492e-02
      vertex   -1.696976e+00 6.013397e+00 -1.013457e-01
    endloop
  endfacet
  facet normal -6.088394e-01 -7.932027e-01 -1.200260e-02
    outer loop
      vertex   -1.696976e+00 6.013397e+00 -1.013457e-01
      vertex   -1.699652e+00 6.013397e+00 3.438492e-02
      vertex   -1.720362e+00 6.029289e+00 3.465574e-02
    endloop
  endfacet
  facet normal -6.089476e-01 -7.931192e-01 -1.203095e-02
    outer loop
      vertex   -1.696976e+00 6.013397e+00 -1.013457e-01
      vertex   -1.720362e+00 6.029289e+00 3.465574e-02
      vertex   -1.717650e+00 6.029289e+00 -1.025804e-01
    endloop
  endfacet
  facet normal -7.933223e-01 -6.086001e-01 -1.567363e-02
    outer loop
      vertex   -1.717650e+00 6.029289e+00 -1.025804e-01
      vertex   -1.720362e+00 6.029289e+00 3.465574e-02
      vertex   -1.736253e+00 6.050000e+00 3.482636e-02
    endloop
  endfacet
  facet normal -7.934313e-01 -6.084571e-01 -1.570995e-02
    outer loop
      vertex   -1.717650e+00 6.029289e+00 -1.025804e-01
      vertex   -1.736253e+00 6.050000e+00 3.482636e-02
      vertex   -1.733514e+00 6.050000e+00 -1.035278e-01
    endloop
  endfacet
  facet normal -9.237249e-01 -3.826197e-01 -1.828976e-02
    outer loop
      vertex   -1.733514e+00 6.050000e+00 -1.035278e-01
      vertex   -1.736253e+00 6.050000e+00 3.482636e-02
      vertex   -1.746244e+00 6.074118e+00 3.487639e-02
    endloop
  endfacet
  facet normal -9.238049e-01 -3.824246e-01 -1.833112e-02
    outer loop
      vertex   -1.733514e+00 6.050000e+00 -1.035278e-01
      vertex   -1.746244e+00 6.074118e+00 3.487639e-02
      vertex   -1.743486e+00 6.074118e+00 -1.041233e-01
    endloop
  endfacet
  facet normal -9.830999e-01 -1.820276e-01 -1.950771e-02
    outer loop
      vertex   -1.743486e+00 6.074118e+00 -1.041233e-01
      vertex   -1.746244e+00 6.074118e+00 3.487639e-02
      vertex   -1.749654e+00 6.100000e+00 -3.479383e-02
    endloop
  endfacet
  facet normal -9.951835e-01 -7.795806e-02 -5.943369e-02
    outer loop
      vertex   -1.743486e+00 6.074118e+00 -1.041233e-01
      vertex   -1.749654e+00 6.100000e+00 -3.479383e-02
      vertex   -1.741359e+00 6.100000e+00 -1.736941e-01
    endloop
  endfacet
  facet normal 1.091801e-02 -9.905129e-01 1.369852e-01
    outer loop
      vertex   6.662722e-02 6.003407e+00 1.674557e+00
      vertex   1.344903e-01 6.000000e+00 1.644510e+00
      vertex   1.994604e-01 6.003407e+00 1.663970e+00
    endloop
  endfacet
  facet normal 1.515069e-02 -9.922710e-01 1.231617e-01
    outer loop
      vertex   1.994604e-01 6.003407e+00 1.663970e+00
      vertex   1.344903e-01 6.000000e+00 1.644510e+00
      vertex   2.680856e-01 6.000000e+00 1.628076e+00
    endloop
  endfacet
  facet normal 2.175782e-02 -9.905210e-01 1.356275e-01
    outer loop
      vertex   1.994604e-01 6.003407e+00 1.663970e+00
      vertex   2.680856e-01 6.000000e+00 1.628076e+00
      vertex   3.310326e-01 6.003407e+00 1.642863e+00
    endloop
  endfacet
  facet normal 2.515210e-02 -9.922629e-01 1.215798e-01
    outer loop
      vertex   3.310326e-01 6.003407e+00 1.642863e+00
      vertex   2.680856e-01 6.000000e+00 1.628076e+00
      vertex   3.998969e-01 6.000000e+00 1.600807e+00
    endloop
  endfacet
  facet normal 3.244187e-02 -9.905343e-01 1.333764e-01
    outer loop
      vertex   3.310326e-01 6.003407e+00 1.642863e+00
      vertex   3.998969e-01 6.000000e+00 1.600807e+00
      vertex   4.605119e-01 6.003407e+00 1.611369e+00
    endloop
  endfacet
  facet normal 3.500545e-02 -9.922509e-01 1.192176e-01
    outer loop
      vertex   4.605119e-01 6.003407e+00 1.611369e+00
      vertex   3.998969e-01 6.000000e+00 1.600807e+00
      vertex   5.290469e-01 6.000000e+00 1.562885e+00
    endloop
  endfacet
  facet normal 4.289391e-02 -9.905530e-01 1.302492e-01
    outer loop
      vertex   4.605119e-01 6.003407e+00 1.611369e+00
      vertex   5.290469e-01 6.000000e+00 1.562885e+00
      vertex   5.870796e-01 6.003407e+00 1.569687e+00
    endloop
  endfacet
  facet normal 4.465254e-02 -9.922347e-01 1.160878e-01
    outer loop
      vertex   5.870796e-01 6.003407e+00 1.569687e+00
      vertex   5.290469e-01 6.000000e+00 1.562885e+00
      vertex   6.546761e-01 6.000000e+00 1.514562e+00
    endloop
  endfacet
  facet normal 5.303963e-02 -9.905769e-01 1.262700e-01
    outer loop
      vertex   5.870796e-01 6.003407e+00 1.569687e+00
      vertex   6.546761e-01 6.000000e+00 1.514562e+00
      vertex   7.099357e-01 6.003407e+00 1.518082e+00
    endloop
  endfacet
  facet normal 5.403618e-02 -9.922145e-01 1.122073e-01
    outer loop
      vertex   7.099357e-01 6.003407e+00 1.518082e+00
      vertex   6.546761e-01 6.000000e+00 1.514562e+00
      vertex   7.759486e-01 6.000000e+00 1.456161e+00
    endloop
  endfacet
  facet normal 6.280729e-02 -9.906061e-01 1.214695e-01
    outer loop
      vertex   7.099357e-01 6.003407e+00 1.518082e+00
      vertex   7.759486e-01 6.000000e+00 1.456161e+00
      vertex   8.283033e-01 6.003407e+00 1.456878e+00
    endloop
  endfacet
  facet normal 6.310051e-02 -9.921901e-01 1.075969e-01
    outer loop
      vertex   8.283033e-01 6.003407e+00 1.456878e+00
      vertex   7.759486e-01 6.000000e+00 1.456161e+00
      vertex   8.920573e-01 6.000000e+00 1.388068e+00
    endloop
  endfacet
  facet normal 7.212828e-02 -9.906403e-01 1.158846e-01
    outer loop
      vertex   8.283033e-01 6.003407e+00 1.456878e+00
      vertex   8.920573e-01 6.000000e+00 1.388068e+00
      vertex   9.414341e-01 6.003407e+00 1.386464e+00
    endloop
  endfacet
  facet normal 7.179123e-02 -9.921615e-01 1.022816e-01
    outer loop
      vertex   9.414341e-01 6.003407e+00 1.386464e+00
      vertex   8.920573e-01 6.000000e+00 1.388068e+00
      vertex   1.002230e+00 6.000000e+00 1.310739e+00
    endloop
  endfacet
  facet normal 8.093770e-02 -9.906796e-01 1.095581e-01
    outer loop
      vertex   9.414341e-01 6.003407e+00 1.386464e+00
      vertex   1.002230e+00 6.000000e+00 1.310739e+00
      vertex   1.048613e+00 6.003407e+00 1.307284e+00
    endloop
  endfacet
  facet normal 8.005590e-02 -9.921287e-01 9.629005e-02
    outer loop
      vertex   1.048613e+00 6.003407e+00 1.307284e+00
      vertex   1.002230e+00 6.000000e+00 1.310739e+00
      vertex   1.105732e+00 6.000000e+00 1.224686e+00
    endloop
  endfacet
  facet normal 8.917488e-02 -9.907239e-01 1.025382e-01
    outer loop
      vertex   1.048613e+00 6.003407e+00 1.307284e+00
      vertex   1.105732e+00 6.000000e+00 1.224686e+00
      vertex   1.149162e+00 6.003407e+00 1.219839e+00
    endloop
  endfacet
  facet normal 8.784420e-02 -9.920914e-01 8.965475e-02
    outer loop
      vertex   1.149162e+00 6.003407e+00 1.219839e+00
      vertex   1.105732e+00 6.000000e+00 1.224686e+00
      vertex   1.201876e+00 6.000000e+00 1.130484e+00
    endloop
  endfacet
  facet normal 9.678386e-02 -9.907729e-01 9.487834e-02
    outer loop
      vertex   1.149162e+00 6.003407e+00 1.219839e+00
      vertex   1.201876e+00 6.000000e+00 1.130484e+00
      vertex   1.242446e+00 6.003407e+00 1.124682e+00
    endloop
  endfacet
  facet normal 9.510817e-02 -9.920498e-01 8.241170e-02
    outer loop
      vertex   1.242446e+00 6.003407e+00 1.124682e+00
      vertex   1.201876e+00 6.000000e+00 1.130484e+00
      vertex   1.290022e+00 6.000000e+00 1.028758e+00
    endloop
  endfacet
  facet normal 1.037138e-01 -9.908267e-01 8.663650e-02
    outer loop
      vertex   1.242446e+00 6.003407e+00 1.124682e+00
      vertex   1.290022e+00 6.000000e+00 1.028758e+00
      vertex   1.327874e+00 6.003407e+00 1.022414e+00
    endloop
  endfacet
  facet normal 1.018024e-01 -9.920036e-01 7.460029e-02
    outer loop
      vertex   1.327874e+00 6.003407e+00 1.022414e+00
      vertex   1.290022e+00 6.000000e+00 1.028758e+00
      vertex   1.369583e+00 6.000000e+00 9.201863e-01
    endloop
  endfacet
  facet normal 1.099195e-01 -9.908851e-01 7.787476e-02
    outer loop
      vertex   1.327874e+00 6.003407e+00 1.022414e+00
      vertex   1.369583e+00 6.000000e+00 9.201863e-01
      vertex   1.404908e+00 6.003407e+00 9.136821e-01
    endloop
  endfacet
  facet normal 1.078845e-01 -9.919527e-01 6.626315e-02
    outer loop
      vertex   1.404908e+00 6.003407e+00 9.136821e-01
      vertex   1.369583e+00 6.000000e+00 9.201863e-01
      vertex   1.440029e+00 6.000000e+00 8.054907e-01
    endloop
  endfacet
  facet normal 1.153615e-01 -9.909479e-01 6.865874e-02
    outer loop
      vertex   1.404908e+00 6.003407e+00 9.136821e-01
      vertex   1.440029e+00 6.000000e+00 8.054907e-01
      vertex   1.473059e+00 6.003407e+00 7.991736e-01
    endloop
  endfacet
  facet normal 1.133148e-01 -9.918970e-01 5.744591e-02
    outer loop
      vertex   1.473059e+00 6.003407e+00 7.991736e-01
      vertex   1.440029e+00 6.000000e+00 8.054907e-01
      vertex   1.500893e+00 6.000000e+00 6.854348e-01
    endloop
  endfacet
  facet normal 1.200064e-01 -9.910150e-01 5.905705e-02
    outer loop
      vertex   1.473059e+00 6.003407e+00 7.991736e-01
      vertex   1.500893e+00 6.000000e+00 6.854348e-01
      vertex   1.531897e+00 6.003407e+00 6.796125e-01
    endloop
  endfacet
  facet normal 1.180572e-01 -9.918364e-01 4.819700e-02
    outer loop
      vertex   1.531897e+00 6.003407e+00 6.796125e-01
      vertex   1.500893e+00 6.000000e+00 6.854348e-01
      vertex   1.551768e+00 6.000000e+00 5.608173e-01
    endloop
  endfacet
  facet normal 1.238274e-01 -9.910863e-01 4.914068e-02
    outer loop
      vertex   1.531897e+00 6.003407e+00 6.796125e-01
      vertex   1.551768e+00 6.000000e+00 5.608173e-01
      vertex   1.581049e+00 6.003407e+00 5.557547e-01
    endloop
  endfacet
  facet normal 1.220789e-01 -9.917708e-01 3.856741e-02
    outer loop
      vertex   1.581049e+00 6.003407e+00 5.557547e-01
      vertex   1.551768e+00 6.000000e+00 5.608173e-01
      vertex   1.592316e+00 6.000000e+00 4.324678e-01
    endloop
  endfacet
  facet normal 1.268039e-01 -9.911615e-01 3.898239e-02
    outer loop
      vertex   1.581049e+00 6.003407e+00 5.557547e-01
      vertex   1.592316e+00 6.000000e+00 4.324678e-01
      vertex   1.620206e+00 6.003407e+00 4.283833e-01
    endloop
  endfacet
  facet normal 1.253507e-01 -9.916999e-01 2.861049e-02
    outer loop
      vertex   1.620206e+00 6.003407e+00 4.283833e-01
      vertex   1.592316e+00 6.000000e+00 4.324678e-01
      vertex   1.622268e+00 6.000000e+00 3.012402e-01
    endloop
  endfacet
  facet normal 1.289223e-01 -9.912406e-01 2.865611e-02
    outer loop
      vertex   1.620206e+00 6.003407e+00 4.283833e-01
      vertex   1.622268e+00 6.000000e+00 3.012402e-01
      vertex   1.649120e+00 6.003407e+00 2.983035e-01
    endloop
  endfacet
  facet normal 1.278472e-01 -9.916235e-01 1.838165e-02
    outer loop
      vertex   1.649120e+00 6.003407e+00 2.983035e-01
      vertex   1.622268e+00 6.000000e+00 3.012402e-01
      vertex   1.641424e+00 6.000000e+00 1.680079e-01
    endloop
  endfacet
  facet normal 1.301753e-01 -9.913233e-01 1.823630e-02
    outer loop
      vertex   1.649120e+00 6.003407e+00 2.983035e-01
      vertex   1.641424e+00 6.000000e+00 1.680079e-01
      vertex   1.667607e+00 6.003407e+00 1.663376e-01
    endloop
  endfacet
  facet normal 1.295468e-01 -9.915415e-01 7.938157e-03
    outer loop
      vertex   1.667607e+00 6.003407e+00 1.663376e-01
      vertex   1.641424e+00 6.000000e+00 1.680079e-01
      vertex   1.649657e+00 6.000000e+00 3.365759e-02
    endloop
  endfacet
  facet normal 1.304204e-01 -9.914280e-01 7.817048e-03
    outer loop
      vertex   1.667607e+00 6.003407e+00 1.663376e-01
      vertex   1.649657e+00 6.000000e+00 3.365759e-02
      vertex   1.675536e+00 6.003407e+00 3.404132e-02
    endloop
  endfacet
  facet normal 1.305753e-01 -9.914351e-01 -2.568527e-03
    outer loop
      vertex   1.675536e+00 6.003407e+00 3.404132e-02
      vertex   1.649657e+00 6.000000e+00 3.365759e-02
      vertex   1.672901e+00 6.003407e+00 -9.990791e-02
    endloop
  endfacet
  facet normal 3.827914e-01 -9.238041e-01 -7.529830e-03
    outer loop
      vertex   1.675536e+00 6.003407e+00 3.404132e-02
      vertex   1.672901e+00 6.003407e+00 -9.990791e-02
      vertex   1.699652e+00 6.013397e+00 3.438492e-02
    endloop
  endfacet
  facet normal 3.828697e-01 -9.237715e-01 -7.547855e-03
    outer loop
      vertex   1.699652e+00 6.013397e+00 3.438492e-02
